0 100 1 100
1.18
0.9853
0.8961
0.9307
0.9572
0.92
0.9925
0.8792
1.0331
0.9571
0.971
0.987
0.8906
1.151
1.0148
1.0034
1.0888
1.029
1.0683
1.0953
0.9796
1.1351
1.0905
1.0622
1.1295
1.181
1.0645
1.161
1.1343
1.0654
1.2859
1.1756
1.0679
1.1888
1.2234
1.1411
1.2278
1.2155
1.1869
1.1442
1.2899
1.2828
1.2522
1.1692
1.3093
1.3862
1.2631
1.2988
1.3116
1.3512
1.3752
1.3437
1.3115
1.2744
1.3919
1.4406
1.3801
1.4295
1.3024
1.3773
1.3913
1.4553
1.4704
1.4101
1.4115
1.4384
1.419
1.4614
1.5068
1.5588
1.5572
1.5165
1.479
1.4976
1.4717
1.6287
1.4406
1.535
1.5462
1.613
1.6062
1.6374
1.5916
1.6276
1.6036
1.703
1.6173
1.7123
1.6382
1.6589
1.7099
1.6467
1.7183
1.6709
1.6792
1.7791
1.7282
1.7513
1.7248
1.7424
1.5685
1.5938
1.5907
1.5802
1.6356
1.6543
1.6763
1.6498
1.6935
1.6454
1.7456
1.7083
1.806
1.7633
1.768
1.7707
1.8923
1.8569
1.8389
1.8436
1.8334
1.9764
1.9086
1.9051
1.9998
1.9304
2.0012
1.9792
1.9629
2.0651
1.9929
1.9535
2.0228
2.1338
2.1294
2.0405
2.1175
2.1446
2.2313
2.1443
2.1265
2.2513
2.1828
2.1737
2.4334
2.2132
2.3726
2.3022
2.3645
2.382
2.3595
2.3857
2.3986
2.3663
2.4227
2.3614
2.5552
2.4235
2.5091
2.3959
2.5892
2.4202
2.7157
2.5442
2.517
2.5745
2.5927
2.6317
2.5146
2.6453
2.5866
2.6779
2.6475
2.6284
2.7387
2.6012
2.7632
2.6663
2.7187
2.8861
2.836
2.7666
2.9318
3.0743
2.8481
2.8622
2.9983
3.0075
2.9397
2.9941
2.9353
3.0321
3.0227
3.0639
3.1192
3.1754
3.0081
3.1329
3.1122
3.0748
0.2165
0.2234
0.2299
0.3093
0.3066
0.2674
0.2478
0.2474
0.2489
0.2504
0.3157
0.2924
0.2602
0.2562
0.2639
0.2529
0.3514
0.2961
0.319
0.2521
0.2747
0.3305
0.3537
0.2851
0.2751
0.2776
0.28
0.372
0.3325
0.3064
0.2972
0.2872
0.3863
0.3194
0.297
0.2937
0.2905
0.341
0.3647
0.3377
0.3234
0.3202
0.3806
0.388
0.3353
0.33
0.3186
0.3977
0.3877
0.3562
0.3334
0.4053
0.4114
0.3625
0.3331
0.3256
0.4683
0.367
0.3481
0.3644
0.4569
0.414
0.372
0.349
0.4172
0.4257
0.4028
0.3821
0.4535
0.428
0.4268
0.3757
0.4449
0.4568
0.4295
0.4013
0.4778
0.4731
0.406
0.3957
0.5162
0.4312
0.4319
0.4346
0.502
0.4184
0.4127
0.5155
0.4999
0.4221
0.4038
0.505
0.4417
0.4151
0.4677
0.5435
0.4796
0.4237
0.5223
0.5022
0.2436
0.2456
0.228
0.3103
0.28
0.2865
0.2568
0.2551
0.2351
0.3683
0.311
0.2819
0.2555
0.2614
0.2728
0.3522
0.3503
0.2728
0.2816
0.2735
0.3328
0.3416
0.3454
0.331
0.2895
0.355
0.3808
0.3259
0.3211
0.3161
0.369
0.3636
0.3889
0.3058
0.3255
0.4012
0.3647
0.3532
0.3594
0.3623
0.4029
0.3969
0.3437
0.3613
0.4558
0.3785
0.3445
0.4014
0.4256
0.4328
0.39
0.373
0.4292
0.5049
0.4783
0.3627
0.5
0.4239
0.3701
0.3785
0.4639
0.4159
0.3944
0.3727
0.4908
0.4132
0.4004
0.3913
0.5332
0.4203
0.4058
0.4208
0.4978
0.4259
0.4248
0.4714
0.4806
0.4399
0.4132
0.5158
0.4722
0.437
0.4528
0.5007
0.4459
0.4291
0.5227
0.5057
0.4513
0.4393
0.5683
0.4568
0.4672
0.5468
0.4793
0.4573
0.5326
0.5429
0.4734
0.4754
