350
1
90
1
7
13
19
25
31
37
43
49
55
61
67
73
79
85
91
97
103
109
114
120
126
132
137
143
148
154
159
165
170
176
181
186
191
196
201
206
211
216
221
225
230
235
239
244
248
244
239
235
230
225
221
216
211
206
201
196
191
186
181
176
170
165
159
154
148
143
137
132
126
120
114
109
103
97
91
85
79
73
67
61
55
49
43
37
31
25
19
13
7
1
1
7
13
19
25
32
38
44
50
56
62
68
74
80
86
92
98
103
109
115
121
127
132
138
143
149
155
160
166
171
177
182
187
192
197
202
207
212
217
222
227
231
236
240
244
249
244
240
236
231
227
222
217
212
207
202
197
192
187
182
177
171
166
160
155
149
143
138
132
127
121
115
109
103
98
92
86
80
74
68
62
56
50
44
38
32
25
19
13
7
1
1
7
13
19
25
31
37
43
49
55
61
67
73
79
85
91
97
103
109
114
120
126
132
137
143
148
154
160
166
171
176
182
187
192
197
202
207
212
217
222
226
231
236
240
245
249
245
240
236
231
226
222
217
212
207
202
197
192
187
182
177
171
166
160
154
148
143
137
132
126
120
114
109
103
97
91
85
79
73
67
61
55
49
43
37
31
25
19
13
7
1
1
7
13
19
25
32
38
44
50
56
62
68
74
80
86
92
98
103
109
115
121
127
132
138
143
149
155
160
166
171
177
182
187
192
197
202
207
212
217
222
227
231
236
240
244
249
244
240
236
231
227
222
217
212
207
202
197
192
187
182
177
171
166
160
155
149
143
138
132
127
121
115
109
103
98
92
86
80
74
68
62
56
50
44
38
32
25
19
13
7
1
0
6
12
18
24
30
37
43
49
55
61
67
73
79
85
91
96
102
108
113
119
124
130
136
141
147
152
158
164
169
174
180
184
190
195
200
205
210
214
220
224
229
234
237
242
246
242
237
234
229
224
220
214
210
205
200
195
190
184
180
174
169
164
158
152
147
141
136
130
124
119
113
108
102
96
91
85
79
73
67
61
55
49
43
37
30
24
18
12
6
0
